0.00329483
0.00345528
0.00339812
0.00343971
0.00337108
0.00337108
0.00337108
0.00337108
0.00337108
0.00337108
0.00331889
0.00337108
0.00342327
0.00342327
0.00337108
0.00337108
0.00337108
0.00339921
0.00350359
0.0034514
0.00339921
0.00347063
0.00339921
0.00336075
0.00336075
0.00336075
0.00336075
0.0033882
0.0033882
0.0033882
0.0033882
0.0033882
0.0033882
0.0033882
0.0033882
0.0033882
0.00334702
0.00334702
0.00334702
0.00334702
0.00339921
0.00334702
0.00334702
0.00334702
0.00334702
0.00334702
0.00334702
0.00334702
0.00334702
0.00334702
0.00334702
0.00334702
0.00334702
0.00334702
0.00334702
0.00334702
0.00334702
0.00334702
0.00334702
0.00334702
0.00334702
0.00334702
0.00334702
0.00334702
0.00334702
0.00334702
0.00334702
0.00334702
0.00334702
0.00334702
0.00334702
0.00334702
0.00334702
0.00334702
0.00334702
0.00334702
0.00334702
0.00334702
0.00334702
0.00334702
0.00334702
0.00334702
0.00334702
0.00334702
0.00334702
0.00334702
0.00334702
0.00334702
0.00334702
0.00334702
0.00334702
0.00334702
0.00334702
0.00334702
0.00334702
0.00334702
0.00334702
0.00334702
0.00334702
0.00334702
0.00335905
0.00334702
0.00334702
0.00334702
0.00334702
0.00334702
0.00334702
0.00334702
0.00334702
0.00334702
0.00334702
0.00334702
0.00334702
0.00334702
0.00334702
0.00334702
0.00334702
0.00334702
0.00334702
0.00336626
0.00334702
0.00334702
0.00334702
0.00334702
0.00334702
0.00334702
0.00334702
0.00334702
0.00334702
0.00334702
0.00333092
0.00333812
0.00334533
0.00333092
0.00333092
0.00334295
0.00330686
0.00333262
0.00331889
0.00331889
0.00335837
0.00333262
0.00334295
0.00333262
0.00330686
0.00331889
0.00332059
0.00331407
0.00332059
0.00332059
0.00332059
0.00333092
0.00331889
0.00331889
0.00331889
0.00331889
0.00332609
0.00331889
0.00331889
0.00333812
0.00331889
0.00331889
0.00333092
0.00331889
0.00331889
0.00330686
0.00330686
0.00331889
0.00331407
0.00331889
0.00331889
0.00331889
0.00331889
0.00331889
0.00331889
0.00331889
0.00331889
0.00331889
0.00331889
0.00331889
0.00331889
0.00331889
0.00331889
0.00331889
0.00331889
0.00331889
0.00331889
0.00331889
0.00331889
0.00331889
0.00331889
0.00331889
0.00331889
0.00331889
0.00331889
0.00330686
0.00331889
0.00331889
0.00331889
0.00331889
0.00331889
0.00332059
0.00330686
0.00330686
0.00330686
0.00330686
0.00330686
0.00331407
0.00331407
0.00331407
0.00331407
0.00331407
0.00331644
0.00330924
0.00330204
0.00330204
0.00330204
0.00330204
0.00330204
0.00330924
0.00330204
0.00330204
0.00330204
0.00330204
0.00330204
0.00330204
0.00330924
0.00330924
0.00331576
0.00330924
0.00330924
0.00330924
0.00330204
0.00330924
0.00330204
0.00330204
0.00330204
0.00330924
0.00330204
0.00330204
0.00330924
0.00330924
0.00330924
0.00330924
0.00330924
0.00330924
0.00330924
0.00330924
0.00330924
0.00330924
0.00330924
0.00330924
0.00330924
0.00330204
0.00330204
0.00330204
0.00330204
0.00330204
0.00330204
0.00330204
0.00330204
0.00330204
0.00330924
0.00330204
0.00330204
0.00330204
0.00330204
0.00330204
0.00330204
0.00330204
0.00330204
0.00330204
0.00330924
0.00330204
0.00330204
0.00330204
0.00330204
0.00330204
0.00330204
0.00330204
0.00330204
0.00330204
0.00332229
0.00330856
0.00330856
0.00330856
0.00330856
0.00332229
0.00332229
0.00332229
0.00332229
0.00332229
0.00332229
0.00330856
0.00332229
0.00330856
0.00330856
0.00330856
0.00330856
0.00330856
